#hkpt_to_messcore
0       0       0               0       0       0       
0.5     0       0               0.5     0       0       
0       0.5     0               0       0.5     0       
0       0       0.5             0       0       0.5     
0.5     0.5     0               0.5     0.5     0       
0.5     0       0.5             0.5     0       0.5     
0       0.5     0.5             0       0.5     0.5     
0.5     0.5     0.5             0.1667  0.1667  0.1667  
0.3333  0.3333  0               0.3333  0.3333  0       
-0.3333 0.6667  0               -0.3333 0.6667  0       
0.3333  0.6667  0.5             0.1111  0.2222  0.1667  
-0.3333 0.6667  0.5             -0.1111 0.2222  0.1667  